28
3525
2974
8
2700
3763
175
1733
4089
764
881
4089
1674
215
3822
2588
8
3033
3492
44
2140
4089
495
1204
4089
1308
457
4040
2229
14
3335
3150
8
2471
3924
287
1515
4089
946
708
4089
1862
134
3643
2835
8
2855
3641
105
1910
4089
658
1008
4089
1502
309
3940
2402
8
3204
3324
8
2282
4001
363
1384
4089
1118
562
4089
2007
81
3527
2968
8
2668
3787
160
1774
4089
773
879
4089
1651
256
3840
2557
8
3057
3467
36
2114
4089
476
1223
4089
1288
438
4024
2202
22
3368
3156
8
2457
3936
299
1544
4089
953
702
4089
1828
146
3667
2802
8
2822
3627
98
1920
4089
655
999
4089
1467
330
3919
2441
8
3203
3328
8
2284
4033
364
1392
4089
1109
572
4089
1997
86
3550
2936
8
2701
3756
164
1752
4089
798
901
4089
1617
248
3827
2576
8
3040
3469
34
2120
4089
497
1195
4089
1249
467
4052
2201
27
3389
3132
8
2494
3902
266
1559
4089
903
742
4089
1818
149
3668
2806
8
2868
3634
101
1930
4089
645
1013
4089
1444
339
3929
2430
8
3171
3313
8
2276
4041
411
1318
4089
1138
543
4089
2094
52
3497
3010
8
2612
3830
216
1685
4089
850
797
4089
1754
180
3759
2685
8
2937
3577
80
2032
4089
573
1094
4089
1412
353
3949
2335
8
3247
3292
8
2376
3980
337
1421
4089
1086
585
4089
1971
94
3558
2942
8
2673
3747
165
1758
4089
785
856
4089
1638
233
3799
2630
8
3018
3504
49
2070
4089
549
1174
4089
1325
420
4014
2264
8
3311
3220
8
2388
3940
303
1481
4089
1035
631
4089
1908
117
3612
2881
8
2750
3678
124
1849
4089
716
931
4089
1558
274
3855
2540
8
3129
3396
15
2191
4084
465
1236
4089
1229
487
4064
2176
30
3435
3088
8
2517
3886
258
1615
4089
912
736
4089
1848
138
3693
2771
8
2848
3648
89
1938
4089
646
1016
4089
1495
339
3924
2435
8
3156
3376
8
2276
4038
404
1325
4089
1131
550
4089
2094
54
3457
3009
8
2626
3819
206
1668
4089
819
829
4089
1726
212
3775
2667
8
2954
3513
52
2066
4089
555
1121
4089
1338
403
3996
2311
8
3277
3201
8
2410
3956
321
1500
4089
1011
652
4089
1946
121
3621
2866
8
2746
3731
128
1845
4089
719
924
4089
1600
279
3863
2513
8
3077
3400
16
2185
4086
465
1238
4089
1227
480
4057
2200
40
3420
3091
8
2525
3883
228
1622
4089
893
752
4089
1764
175
3713
2736
8
2885
3624
79
1975
4089
613
1047
4089
1426
348
3938
2410
8
3237
3297
8
2304
3994
358
1396
4089
1119
595
4089
2024
74
3522
2936
8
2687
3778
179
1722
4089
770
868
4089
1658
251
3827
2581
8
3036
3484
39
2151
4089
486
1209
4089
1250
467
4048
2210
21
3363
3162
8
2503
3899
267
1546
4089
926
722
4089
1861
134
3678
2791
8
2826
3666
101
1909
4089
670
984
4089
1487
317
3910
2454
8
3141
3395
8
2257
4049
417
1303
4089
1157
526
4089
2117
47
3476
3038
8
2577
3851
233
1610
4089
867
782
4089
1758
179
3723
2730
8
2943
3570
76
1976
4089
569
1093
4089
1427
343
3966
2354
8
3233
3300
8
2364
3989
353
1408
4089
1050
616
4089
1989
87
3550
2911
8
2714
3753
167
1790
4089
761
886
4089
1648
252
3826
2584
8
3031
3444
28
2145
4089
489
1201
4089
1248
462
4043
2222
16
3392
3143
8
2468
3922
259
1556
4089
959
693
4089
1842
140
3655
2825
8
2850
3653
113
1881
4089
687
972
4089
1513
295
3881
2507
8
3156
3379
11
2204
4081
422
1291
4089
1207
490
4089
2126
43
3435
3080
8
2539
3841
225
1630
4089
902
745
4089
1767
171
3713
2747
8
2873
3588
81
1969
4089
622
1085
4089
1435
346
3969
2355
8
3240
3295
8
2347
4003
371
1412
4089
1108
566
4089
2064
81
3532
2969
8
2656
3798
173
1738
4089
800
842
4089
1651
224
3787
2587
8
3030
3490
46
2077
4089
509
1188
4089
1304
458
4038
2227
18
3349
3132
8
2485
3917
282
1563
4089
965
684
4089
1841
145
3663
2812
8
2864
3636
102
1908
4089
670
973
4089
1488
312
3900
2472
8
3173
3362
8
2224
4040
411
1308
4089
1196
499
4089
2101
52
3448
3076
8
2598
3840
224
1628
4089
850
789
4089
1768
167
3735
2716
8
2897
3609
91
1990
4089
610
1051
4089
1423
346
3934
2423
8
3179
3349
8
2314
4020
392
1341
4089
1125
551
4089
2078
59
3516
3002
8
2615
3828
190
1702
4089
835
812
4089
1695
203
3756
2680
8
2942
3523
58
2031
4089
580
1135
4089
1370
387
3981
2341
8
3245
3293
8
2348
4001
369
1378
4089
1085
589
4089
2041
84
3532
2972
8
2647
3803
170
1729
4089
815
827
4089
1671
216
3778
2656
8
2958
3510
51
2060
4089
553
1116
4089
1348
397
3986
2332
8
3264
3261
8
2400
3969
331
1442
4089
1058
648
4089
1950
102
3581
2908
8
2734
3737
155
1782
4089
770
929
4089
1601
260
3839
2573
8
3036
3478
40
2161
4089
471
1231
4089
1269
451
4036
2227
16
3354
3167
8
2468
3918
281
1536
4089
917
737
4089
1822
150
3669
2795
8
2829
3619
96
1920
4089
646
1022
4089
1496
306
3901
2464
8
3200
3312
8
2309
4013
376
1372
4089
1130
557
4089
2072
59
3477
3031
8
2604
3791
187
1706
4089
823
823
4089
1718
198
3753
2689
8
2937
3564
71
2002
4089
574
1145
4089
