3163
8
2687
3769
171
1751
4089
778
868
4089
1660
227
3796
2625
8
3014
3454
31
2138
4089
492
1197
4089
1297
446
4030
2235
16
3344
3184
8
2445
3937
297
1562
4089
948
710
4089
1854
139
3657
2814
8
2812
3675
119
1864
4089
697
956
4089
1509
305
3898
2475
8
3140
3392
12
2208
4069
442
1267
4089
1227
483
4089
2130
44
3431
3079
8
2542
3879
250
1580
4089
919
777
4089
1779
167
3703
2750
8
2872
3624
100
1920
4089
609
1065
4089
1443
342
3930
2416
8
3225
3306
8
2300
4025
386
1346
4089
1104
578
4089
2039
70
3501
3005
8
2667
3788
188
1696
4089
844
852
4089
1701
207
3765
2616
8
2993
3526
57
2035
4089
532
1148
4089
1369
382
3975
2341
8
3300
3237
8
2390
3974
340
1471
4089
1037
625
4089
1973
92
3596
2896
8
2737
3742
158
1835
4089
719
928
4089
1590
264
3847
2551
8
3065
3417
22
2171
4089
485
1210
4089
1231
477
4058
2186
28
3378
3155
8
2518
3892
259
1565
4089
911
739
4089
1831
146
3662
2762
8
2860
3638
104
1907
4089
625
1035
4089
1468
322
3911
2399
8
3195
3335
8
2326
4010
372
1376
4089
1088
581
4089
2055
64
3535
2975
8
2662
3794
195
1694
4089
793
851
4089
1684
210
3809
2615
8
3007
3511
55
2113
4089
518
1171
4089
1318
424
4016
2269
8
3322
3161
8
2443
3939
299
1497
4089
1011
694
4089
1896
121
3613
2870
8
2815
3679
123
1851
4089
705
942
4089
1540
287
3873
2514
8
3089
3398
18
2189
4082
463
1240
4089
1216
488
4061
2184
26
3383
3088
8
2535
3886
260
1566
4089
904
742
4089
1829
144
3667
2804
8
2868
3631
98
1922
4089
666
985
4089
1485
315
3902
2471
8
3132
3396
14
2252
4051
422
1298
4089
1164
531
4089
2112
51
3449
3013
8
2594
3842
222
1677
4089
861
776
4089
1753
175
3713
2705
8
2912
3605
87
2002
4089
592
1069
4089
1445
372
3969
2352
8
3234
3297
8
2368
3984
353
1394
4089
1105
610
4089
2009
80
3529
2981
8
2698
3765
179
1718
4089
786
857
4089
1691
203
3758
2628
8
2986
3538
62
2020
4089
550
1124
4089
1372
380
4001
2297
8
3292
3240
8
2380
3948
310
1481
4089
1027
638
4089
1928
106
3580
2912
8
2757
3720
147
1804
4089
748
899
4089
1577
265
3849
2552
8
3062
3460
22
2169
4089
482
1212
4089
1237
477
4054
2200
24
3371
3153
8
2463
3917
251
1581
4089
932
711
4089
1862
132
3635
2837
8
2788
3651
104
1900
4089
666
993
4089
1530
293
3880
2508
8
3145
3385
11
2211
4072
443
1267
4089
1189
513
4080
2149
36
3456
3066
8
2561
3860
236
1608
4089
867
778
4089
1779
167
3702
2711
8
2915
3590
80
1970
4089
617
1047
4089
1402
365
3962
2363
8
3229
3305
8
2355
3988
347
1408
4089
1092
596
4089
2004
83
3584
2918
8
2715
3745
164
1761
4089
780
915
4089
1611
249
3828
2584
8
3032
3493
32
2127
4089
509
1178
4089
1335
410
4029
2239
13
3337
3193
8
2420
3922
290
1503
4089
1012
653
4089
1892
123
3618
2868
8
2757
3678
127
1854
4089
702
943
4089
1601
284
3875
2516
8
3097
3431
22
2175
4089
476
1275
4089
1229
480
4059
2185
25
3372
3149
8
2523
3888
256
1566
4089
948
709
4089
1873
150
3671
2793
8
2833
3664
117
1870
4089
658
1005
4089
1516
295
3889
2478
8
3137
3386
9
2224
4058
419
1310
4089
1174
527
4089
2105
51
3460
3049
8
2592
3836
216
1654
4089
881
773
4089
1768
168
3708
2695
8
2939
3575
75
1995
4089
588
1081
4089
1425
349
3941
2394
8
3226
3306
8
2358
3987
346
1427
4089
1068
606
4089
1991
89
3552
2936
8
2706
3761
168
1753
4089
781
862
4089
1605
252
3831
2575
8
3053
3471
37
2114
4089
500
1205
4089
1289
438
4026
2193
24
3379
3144
8
2483
3912
277
1531
4089
988
709
4089
1863
133
3636
2840
8
2791
3694
116
1872
4089
700
945
4089
1538
286
3875
2518
8
3141
3389
14
2194
4089
437
1276
4089
1233
475
4055
2149
40
3416
3103
8
2507
3867
239
1601
4089
922
775
4089
1792
163
3694
2769
8
2861
3594
84
1953
4089
624
1042
4089
1419
351
3942
2405
8
3182
3304
8
2295
4032
397
1388
4089
1123
551
4089
2089
71
3505
3015
8
2615
3824
213
1702
4089
843
802
4089
1734
187
3735
2662
8
2954
3568
74
1988
4089
566
1109
4089
1407
394
3983
2340
8
3241
3295
8
2363
3990
354
1398
4089
1105
625
4089
1957
96
3563
2924
8
2701
3763
144
1803
4089
757
884
4089
1643
255
3835
2565
8
3044
3478
25
2148
4089
481
1218
4089
1229
481
4056
2187
25
3375
3097
8
2522
3892
263
1554
4089
927
718
4089
1854
137
3649
2780
8
2847
3649
108
1902
4089
636
1014
4089
1505
330
3922
2439
8
3159
3321
8
2285
4034
398
1337
4089
1120
560
4089
2060
63
3531
2972
8
2649
3805
176
1722
4089
825
820
4089
1680
214
3771
2672
8
2942
3515
54
2051
4089
559
1119
4089
1339
405
3997
2303
8
3294
3240
8
2375
3949
314
1475
4089
1030
635
4089
1964
99
3576
2915
8
2773
3704
135
1832
4089
722
933
4089
1591
287
3875
2514
8
3106
3423
21
2173
4089
473
1229
4089
1267
456
4068
2165
34
3407
3108
8
2512
3895
264
1557
4089
962
730
4089
1834
145
