1845
4089
520
1173
4089
1312
429
4024
2250
15
3345
3172
8
2470
3881
242
1615
4089
889
766
4089
1777
174
3718
2724
8
2930
3568
70
2018
4089
556
1132
4089
1323
422
4026
2234
18
3372
3139
8
2497
3904
268
1566
4089
883
779
4089
1760
179
3737
2696
8
2942
3563
65
2022
4089
522
1175
4089
1315
423
4022
2241
15
3355
3169
8
2464
3922
279
1596
4089
912
743
4089
1797
164
3702
2700
8
2942
3568
70
2010
4089
565
1160
4089
1321
424
4021
2262
12
3350
3113
8
2515
3890
254
1585
4089
872
785
4089
1753
182
3734
2703
8
2931
3527
53
2061
4089
529
1163
4089
1326
420
4021
2202
26
3391
3124
8
2521
3879
248
1594
4089
866
786
4089
1761
177
3729
2705
8
2942
3556
65
2029
4089
519
1171
4089
1314
427
4019
2259
8
3378
3147
8
2496
3906
271
1560
4089
930
732
4089
1825
155
3695
2748
8
2917
3574
68
2019
4089
566
1120
4089
1360
395
3994
2291
8
3317
3201
8
2494
3895
259
1587
4089
912
743
4089
1790
166
3711
2738
8
2916
3580
73
1995
4089
543
1148
4089
1349
413
4013
2264
11
3339
3175
8
2458
3923
277
1532
4089
960
700
4089
1858
138
3669
2789
8
2849
3599
82
1976
4089
593
1077
4089
1414
366
3967
2342
8
3268
3246
8
2430
3943
297
1506
4089
984
687
4089
1867
131
3645
2828
8
2804
3672
113
1894
4089
652
1019
4089
1468
334
3940
2400
8
3224
3300
8
2342
3992
345
1434
4089
1048
630
4089
1934
115
3614
2856
8
2802
3666
113
1901
4089
642
1028
4089
1500
307
3912
2431
8
3208
3313
8
2324
4005
362
1415
4089
1061
613
4089
1961
102
3591
2877
8
2785
3722
139
1829
4089
696
971
4089
1521
308
3906
2447
8
3177
3345
8
2296
4021
374
1380
4089
1100
590
4089
1997
86
3554
2936
8
2710
3747
132
1841
4089
702
958
4089
1539
295
3894
2462
8
3167
3356
8
2267
4032
390
1356
4089
1125
561
4089
2043
71
3516
2978
8
2671
3776
167
1753
4089
766
892
4089
1620
247
3837
2555
8
3037
3478
35
2129
4089
482
1229
4089
1248
474
4063
2164
37
3427
3078
8
2560
3857
225
1644
4089
853
813
4089
1710
200
3773
2653
8
2993
3526
54
2052
4089
537
1152
4089
1334
417
4016
2254
13
3352
3167
8
2470
3908
265
1564
4089
930
733
4089
1816
159
3698
2758
8
2890
3606
80
1973
4089
598
1127
4089
1363
403
4008
2268
12
3349
3162
8
2439
3924
280
1537
4089
949
715
4089
1829
150
3689
2754
8
2902
3597
81
1988
4089
586
1141
4089
1340
419
4016
2253
13
3362
3146
8
2497
3899
261
1574
4089
905
749
4089
1793
167
3715
2734
8
2906
3549
61
2033
4089
551
1136
4089
1349
401
3998
2278
8
3334
3184
8
2457
3928
257
1581
4089
923
729
4089
1829
147
3711
2734
8
2897
3600
86
1965
4089
612
1109
4089
1388
379
3978
2323
8
3296
3222
8
2417
3951
308
1484
4089
962
699
4089
1859
139
3666
2806
8
2831
3612
87
1958
4089
610
1057
4089
1443
348
3947
2384
8
3272
3245
8
2394
3958
317
1470
4089
1024
649
4089
1922
112
3654
2812
8
2842
3646
101
1923
4089
640
1028
4089
1459
339
3936
2397
8
3258
3276
8
2351
3993
345
1473
4089
1022
645
4089
1919
116
3613
2863
8
2795
3686
121
1866
4089
641
1027
4089
1455
339
3941
2397
8
3223
3298
8
2339
3992
342
1438
4089
1047
630
4089
1945
105
3595
2882
8
2762
3709
136
1832
4089
650
1013
4089
1492
314
3916
2431
8
3202
3320
8
2314
4006
357
1414
4089
1071
601
4089
1993
92
3571
2920
8
2731
3735
145
1810
4089
717
940
4089
1554
282
3878
2490
8
3138
3374
8
2248
4048
404
1341
4089
1081
603
4089
1980
91
3570
2918
8
2732
3737
150
1802
4089
729
929
4089
1578
270
3863
2519
8
3118
3395
10
2232
4056
422
1306
4089
1167
535
4089
2077
64
3504
2986
8
2659
3782
178
1747
4089
765
891
4089
1566
274
3867
2504
8
3125
3394
10
2218
4065
431
1301
4089
1184
525
4089
2093
61
3494
2995
8
2655
3779
172
1754
4089
760
859
4089
1656
232
3817
2581
8
3070
3446
26
2170
4086
459
1255
4089
1223
498
4076
2095
39
3476
3024
8
2630
3805
195
1705
4089
810
843
4089
1684
224
3799
2609
8
3030
3483
41
2100
4089
474
1233
4089
1240
479
4069
2152
39
3419
3083
8
2563
3848
219
1659
4089
838
822
4089
1701
204
3771
2659
8
2981
3528
53
2071
4089
525
1169
4089
1267
459
4046
2205
23
3376
3148
8
2529
3881
248
1597
4089
909
743
4089
1806
158
3699
2751
8
2892
3599
86
1966
4089
602
1070
4089
1418
364
3962
2355
8
3255
3263
8
2368
3974
326
1460
4089
1020
651
4089
1869
135
3662
2802
8
2844
3640
99
1929
4089
638
1037
4089
1452
344
3943
2387
8
3226
3293
8
2327
4008
362
1393
4089
1102
584
4089
1957
99
3587
2900
8
2742
3725
147
1802
4089
700
955
4089
1543
286
3879
2500
8
3119
3398
8
2278
4028
387
1356
4089
1132
558
4089
2001
83
3547
2942
8
2706
3758
166
1806
4089
731
918
4089
1599
252
3839
2561
8
3077
3443
12
2213
4067
435
1294
4089
1192
515
4083
2126
47
3456
3057
8
2634
3803
191
1704
4089
809
843
4089
1687
211
3779
2639
8
3053
3474
37
2119
4089
500
1199
